265
1 0
3 0
263 0
3 1
8 6
11 8
43 8
3 10
3 11
8 11
9 11
3 12
3 14
218 14
3 15
70 15
164 15
232 15
3 16
18 17
17 18
18 19
145 19
19 20
3 21
3 22
3 23
47 23
3 25
3 27
3 28
29 28
30 28
46 28
53 28
86 28
218 28
3 29
28 29
46 29
3 30
28 30
53 30
6 31
26 32
3 33
4 33
47 33
69 33
3 34
9 34
11 34
82 34
3 35
26 35
49 35
66 35
69 35
3 36
13 36
76 36
92 36
164 36
224 36
248 36
3 37
65 37
261 37
39 38
53 39
3 40
40 40
41 40
3 42
53 42
3 44
56 44
139 45
51 46
83 46
117 46
199 46
238 46
3 47
12 47
23 47
27 47
33 47
102 47
123 47
132 47
196 47
234 47
243 47
3 48
12 48
23 48
27 48
33 48
102 48
123 48
132 48
196 48
234 48
243 48
35 49
47 49
120 49
126 49
129 49
140 49
143 49
167 49
202 49
236 49
35 50
47 50
120 50
126 50
129 50
140 50
143 50
167 50
202 50
236 50
52 51
53 52
52 53
3 54
3 55
44 56
56 56
253 56
256 56
44 57
57 57
139 57
16 58
3 59
174 60
153 61
226 61
189 62
190 63
63 64
169 64
24 65
142 66
67 67
67 68
81 69
139 70
147 72
3 73
9 73
3 74
17 75
18 75
19 75
20 75
92 75
229 75
242 75
255 75
101 76
255 76
3 77
79 77
3 78
79 78
3 79
77 79
78 79
80 79
107 81
131 81
184 81
190 81
254 81
9 82
11 82
215 84
221 84
221 85
3 86
28 86
84 86
85 86
160 86
212 86
214 86
53 87
88 87
53 88
87 88
3 89
10 89
3 91
164 91
3 92
13 92
36 92
75 92
76 92
139 92
209 92
229 92
248 92
255 92
94 93
95 93
96 94
96 95
7 96
93 96
95 96
3 97
6 100
81 100
13 101
76 101
104 101
134 101
187 103
101 104
53 105
106 105
3 106
53 106
71 106
105 106
106 106
216 106
261 106
3 107
81 107
190 107
3 108
139 108
3 109
63 109
145 109
3 110
71 110
53 111
112 111
3 112
63 112
71 112
111 112
1 113
3 113
3 114
230 114
3 116
115 116
118 117
117 118
3 119
3 120
49 120
4 121
122 122
3 124
9 124
11 124
3 125
9 125
3 127
127 127
190 127
3 129
63 129
98 129
128 129
201 129
3 130
81 131
188 131
47 132
3 133
177 133
82 135
3 136
138 137
137 138
3 139
139 139
255 141
3 143
49 143
98 143
198 144
146 145
261 145
147 146
3 147
17 147
18 147
19 147
20 147
75 147
139 147
255 147
46 148
53 148
53 149
148 150
149 150
152 152
53 154
155 154
154 155
155 155
3 156
51 156
53 156
156 156
3 157
51 157
70 157
98 157
99 157
156 157
3 158
256 158
3 159
177 159
3 160
86 160
3 161
164 161
224 161
3 162
53 162
163 162
3 163
162 163
163 163
164 164
53 165
166 165
3 166
62 166
84 166
165 166
168 168
3 170
25 171
177 171
11 172
3 173
179 174
174 175
179 175
218 175
3 176
179 176
3 178
174 179
179 179
89 180
3 181
3 182
3 183
256 183
3 184
11 184
190 184
53 185
186 185
3 186
185 186
186 186
3 190
5 190
6 190
184 190
3 191
3 192
65 192
66 192
69 192
2 193
3 193
4 193
40 193
69 193
193 193
262 193
82 194
169 194
47 195
195 196
3 197
3 198
3 200
35 201
47 201
120 201
126 201
129 201
140 201
143 201
167 201
202 201
236 201
3 203
169 203
182 203
194 203
3 204
3 205
3 206
10 206
3 207
139 208
208 208
255 208
147 209
86 210
213 210
214 210
86 211
212 211
214 211
86 212
214 212
86 213
214 213
3 214
86 214
211 214
212 214
213 214
0 215
3 215
3 216
3 217
14 217
90 217
216 217
218 217
0 218
3 218
3 219
147 219
255 219
3 220
3 221
222 221
3 222
3 223
164 223
3 224
36 224
161 224
164 224
248 224
226 225
3 226
43 226
151 226
169 226
172 226
225 226
226 226
3 227
3 228
51 228
75 229
139 229
147 229
255 229
3 230
3 231
230 231
234 233
3 234
233 234
59 235
65 235
66 235
177 237
3 238
28 238
46 238
239 238
51 240
240 241
75 242
53 244
245 244
3 245
244 245
245 245
3 246
3 247
3 248
164 248
224 248
3 249
3 250
53 250
251 250
260 250
3 251
53 251
66 251
142 251
250 251
3 252
69 252
3 254
81 254
188 254
190 254
256 254
3 255
177 255
3 257
190 257
3 258
169 258
25 259
139 259
177 259
255 259
3 262
3 264
