200
0	3
0	5
0	6
0	7
0	8
0	10
0	12
0	15
0	23
0	24
0	25
0	28
0	31
0	34
0	36
0	40
0	43
0	49
0	50
0	54
0	59
0	60
0	63
0	70
0	71
0	74
0	78
0	82
0	84
0	85
0	86
0	87
0	88
0	90
0	92
0	93
0	94
0	98
0	99
0	101
0	103
0	106
0	112
0	114
0	115
0	116
0	117
0	118
0	120
0	121
0	123
0	124
0	125
0	130
0	131
0	133
0	134
0	137
0	140
0	142
0	143
0	149
0	151
0	153
0	154
0	160
0	161
0	162
0	163
0	164
0	165
0	167
0	171
0	176
0	177
0	181
0	185
0	188
0	194
0	195
1	2
1	7
1	8
1	9
1	10
1	13
1	15
1	17
1	19
1	21
1	23
1	27
1	28
1	29
1	34
1	35
1	42
1	47
1	50
1	52
1	53
1	54
1	55
1	56
1	58
1	59
1	60
1	61
1	63
1	71
1	72
1	76
1	77
1	80
1	82
1	84
1	85
1	91
1	92
1	94
1	96
1	100
1	101
1	104
1	105
1	110
1	112
1	117
1	119
1	123
1	127
1	128
1	129
1	130
1	134
1	135
1	137
1	138
1	140
1	141
1	142
1	143
1	145
1	150
1	154
1	155
1	157
1	160
1	165
1	167
1	168
1	169
1	171
1	172
1	175
1	176
1	177
1	179
1	181
1	182
1	184
1	192
1	194
1	195
1	196
2	5
2	6
2	7
2	11
2	13
2	18
2	19
2	22
2	24
2	25
2	30
2	32
2	33
2	35
2	37
2	43
2	44
2	45
2	49
2	50
2	52
2	56
2	59
2	60
2	61
2	65
2	66
2	67
2	68
2	71
2	74
2	76
2	77
2	79
2	80
2	81
2	82
2	84
2	87
2	94
2	98
2	102
2	103
2	104
2	107
2	109
2	110
2	112
2	115
2	116
2	117
2	118
2	119
2	121
2	123
2	127
2	128
2	129
2	135
2	136
2	138
2	141
2	145
2	151
2	154
2	157
2	159
2	166
2	171
2	172
2	173
2	176
2	177
2	179
2	185
2	186
2	188
2	189
2	190
2	192
2	195
2	196
2	197
2	198
3	6
3	11
3	13
3	16
3	17
3	20
3	21
3	23
3	24
3	25
3	26
3	27
3	28
3	29
3	32
3	34
3	36
3	40
3	41
3	45
3	48
3	49
3	50
3	51
3	52
3	53
3	55
3	59
3	60
3	61
3	62
3	65
3	66
3	67
3	73
3	75
3	78
3	79
3	80
3	83
3	85
3	87
3	89
3	90
3	92
3	93
3	95
3	96
3	97
3	101
3	102
3	103
3	104
3	107
3	112
3	118
3	120
3	122
3	124
3	125
3	126
3	129
3	131
3	134
3	135
3	146
3	148
3	150
3	157
3	161
3	162
3	163
3	164
3	166
3	168
3	170
3	175
3	176
3	178
3	180
3	181
3	190
3	192
3	193
3	194
3	199
4	5
4	6
4	8
4	9
4	12
4	15
4	20
4	23
4	25
4	26
4	27
4	28
4	29
4	35
4	36
4	38
4	39
4	43
4	44
4	52
4	53
4	55
4	58
4	60
4	61
4	63
4	64
4	65
4	71
4	73
4	75
4	76
4	77
4	78
4	79
4	80
4	81
4	82
4	83
4	84
4	89
4	92
4	98
4	102
4	106
4	107
4	111
4	112
4	113
4	116
4	117
4	122
4	123
4	124
4	125
4	130
4	137
4	140
4	145
4	147
4	150
4	152
4	157
4	160
4	165
4	167
4	168
4	169
4	170
4	173
4	175
4	177
4	180
4	183
4	186
4	188
4	189
4	190
4	192
4	194
4	199
5	8
5	13
5	15
5	16
5	17
5	19
5	21
5	27
5	28
5	35
5	38
5	39
5	40
5	43
5	44
5	46
5	47
5	48
5	49
5	50
5	53
5	54
5	59
5	65
5	68
5	69
5	70
5	72
5	77
5	79
5	82
5	84
5	86
5	87
5	89
5	92
5	99
5	100
5	102
5	103
5	110
5	113
5	116
5	120
5	121
5	123
5	129
5	130
5	132
5	136
5	137
5	139
5	141
5	143
5	145
5	146
5	147
5	154
5	156
5	158
5	160
5	162
5	163
5	164
5	166
5	179
5	181
5	184
5	185
5	186
5	188
5	189
5	194
5	195
6	8
6	17
6	21
6	22
6	23
6	32
6	33
6	34
6	36
6	38
6	39
6	40
6	41
6	42
6	45
6	46
6	48
6	49
6	52
6	53
6	55
6	56
6	60
6	61
6	63
6	64
6	65
6	66
6	67
6	71
6	74
6	75
6	81
6	83
6	86
6	91
6	92
6	96
6	100
6	103
6	104
6	106
6	107
6	112
6	114
6	116
6	120
6	122
6	123
6	124
6	125
6	128
6	130
6	131
6	132
6	133
6	139
6	140
6	141
6	142
6	147
6	149
6	156
6	157
6	158
6	161
6	165
6	167
6	168
6	169
6	170
6	171
6	172
6	173
6	175
6	178
6	179
6	180
6	182
6	186
6	189
6	191
6	192
6	193
6	195
6	198
6	199
7	10
7	11
7	13
7	16
7	17
7	18
7	20
7	22
7	26
7	29
7	31
7	34
7	37
7	40
7	41
7	42
7	43
7	44
7	45
7	46
7	47
7	48
7	49
7	51
7	52
7	54
7	55
7	56
7	58
7	61
7	62
7	64
7	67
7	68
7	70
7	83
7	85
7	86
7	87
7	90
7	94
7	100
7	101
7	106
7	116
7	122
7	125
7	127
7	130
7	132
7	134
7	138
7	140
7	142
7	145
7	146
7	149
7	150
7	153
7	156
7	160
7	161
7	162
7	164
7	165
7	171
7	172
7	173
7	174
7	176
7	177
7	181
7	183
7	186
7	188
7	193
7	194
7	195
7	196
7	197
8	9
8	12
8	15
8	16
8	18
8	22
8	23
8	25
8	28
8	30
8	32
8	33
8	35
8	40
8	41
8	50
8	51
8	54
8	56
8	59
8	65
8	67
8	69
8	72
8	73
8	76
8	77
8	79
8	82
8	83
8	84
8	86
8	88
8	89
8	92
8	96
8	99
8	105
8	109
8	110
8	111
8	112
8	113
8	115
8	118
8	119
8	120
8	124
8	126
8	128
8	131
8	134
8	135
8	139
8	147
8	148
8	149
8	152
8	153
8	154
8	155
8	160
8	161
8	162
8	163
8	164
8	165
8	166
8	168
8	173
8	176
8	177
8	178
8	181
8	190
8	191
8	196
8	197
9	11
9	19
9	24
9	25
9	26
9	27
9	30
9	33
9	34
9	35
9	41
9	43
9	44
9	50
9	54
9	55
9	59
9	62
9	64
9	66
9	67
9	68
9	73
9	74
9	75
9	77
9	78
9	79
9	80
9	82
9	83
9	85
9	86
9	87
9	90
9	92
9	93
9	103
9	104
9	106
9	108
9	115
9	116
9	120
9	125
9	126
9	129
9	131
9	134
9	137
9	138
9	142
9	143
9	145
9	147
9	148
9	152
9	154
9	158
9	159
9	160
9	163
9	166
9	167
9	173
9	176
9	186
9	188
9	191
9	193
9	199
10	11
10	14
10	15
10	16
10	20
10	21
10	22
10	24
10	25
10	26
10	27
10	28
10	31
10	32
10	34
10	38
10	39
10	40
10	44
10	51
10	52
10	54
10	56
10	58
10	60
10	61
10	63
10	64
10	66
10	67
10	69
10	71
10	73
10	74
10	78
10	79
10	83
10	84
10	89
10	90
10	91
10	94
10	95
10	96
10	101
10	102
10	103
10	105
10	106
10	109
10	110
10	113
10	116
10	119
10	123
10	124
10	126
10	127
10	128
10	129
10	130
10	134
10	135
10	139
10	145
10	147
10	148
10	154
10	155
10	156
10	158
10	159
10	160
10	165
10	166
10	170
10	177
10	181
10	185
10	187
10	188
10	191
10	192
10	193
10	198
11	14
11	15
11	17
11	21
11	23
11	24
11	25
11	27
11	30
11	31
11	33
11	34
11	35
11	37
11	38
11	41
11	45
11	48
11	49
11	51
11	53
11	55
11	57
11	62
11	63
11	65
11	67
11	70
11	73
11	75
11	76
11	82
11	91
11	92
11	93
11	94
11	98
11	99
11	102
11	104
11	106
11	107
11	109
11	111
11	112
11	113
11	115
11	117
11	118
11	119
11	123
11	125
11	126
11	128
11	130
11	134
11	136
11	137
11	138
11	141
11	143
11	144
11	146
11	150
11	153
11	154
11	155
11	157
11	158
11	160
11	161
11	163
11	166
11	171
11	173
11	174
11	176
11	179
11	180
11	181
11	186
11	187
11	189
11	193
11	195
11	196
11	199
12	13
12	17
12	24
12	25
12	26
12	27
12	28
12	31
12	37
12	40
12	42
12	44
12	45
12	46
12	51
12	52
12	53
12	56
12	57
12	58
12	64
12	68
12	71
12	75
12	76
12	77
12	79
12	80
12	81
12	82
12	85
12	90
12	91
12	93
12	99
12	103
12	105
12	107
12	108
12	109
12	110
12	111
12	113
12	114
12	115
12	118
12	119
12	120
12	128
12	131
12	132
12	134
12	136
12	140
12	144
12	145
12	147
12	148
12	161
12	162
12	165
12	167
12	169
12	172
12	173
12	174
12	175
12	176
12	177
12	178
12	179
12	180
12	181
12	182
12	187
12	189
12	192
12	193
12	198
13	14
13	15
13	16
13	20
13	23
13	24
13	27
13	28
13	30
13	32
13	39
13	40
13	42
13	45
13	57
13	58
13	59
13	62
13	63
13	64
13	65
13	66
13	67
13	68
13	70
13	71
13	77
13	81
13	82
13	85
13	91
13	96
13	98
13	99
13	100
13	103
13	106
13	110
13	112
13	123
13	129
13	131
13	132
13	137
13	138
13	141
13	145
13	146
13	150
13	151
13	152
13	155
13	162
13	163
13	167
13	168
13	170
13	171
13	174
13	177
13	180
13	184
13	187
13	188
13	189
13	191
13	196
14	15
14	16
14	18
14	19
14	21
14	22
14	24
14	25
14	28
14	29
14	31
14	35
14	43
14	44
14	45
14	47
14	49
14	50
14	51
14	55
14	56
14	57
14	58
14	59
14	62
14	63
14	64
14	65
14	68
14	71
14	74
14	75
14	77
14	79
14	81
14	82
14	90
14	91
14	94
14	96
14	98
14	99
14	102
14	103
14	104
14	113
14	120
14	123
14	124
14	126
14	128
14	130
14	135
14	140
14	141
14	142
14	144
14	146
14	147
14	153
14	157
14	162
14	163
14	165
14	166
14	167
14	168
14	171
14	175
14	176
14	177
14	181
14	185
14	186
14	187
14	191
14	193
14	195
14	196
14	198
15	16
15	19
15	22
15	24
15	31
15	35
15	40
15	44
15	45
15	46
15	48
15	52
15	54
15	55
15	68
15	75
15	80
15	81
15	93
15	95
15	96
15	98
15	101
15	102
15	103
15	104
15	106
15	108
15	109
15	110
15	111
15	114
15	115
15	116
15	118
15	119
15	127
15	129
15	131
15	132
15	134
15	138
15	139
15	140
15	142
15	143
15	144
15	147
15	151
15	152
15	153
15	155
15	156
15	157
15	159
15	160
15	161
15	163
15	164
15	165
15	166
15	169
15	173
15	175
15	176
15	177
15	180
15	183
15	184
15	187
15	189
15	190
15	191
15	195
15	196
15	198
16	17
16	18
16	23
16	24
16	26
16	27
16	31
16	34
16	37
16	40
16	41
16	43
16	44
16	50
16	51
16	53
16	57
16	59
16	60
16	62
16	69
16	70
16	71
16	72
16	74
16	76
16	80
16	82
16	83
16	89
16	91
16	93
16	94
16	96
16	98
16	101
16	102
16	103
16	106
16	109
16	110
16	114
16	115
16	116
16	117
16	118
16	121
16	124
16	130
16	131
16	134
16	136
16	139
16	141
16	142
16	147
16	148
16	150
16	151
16	157
16	158
16	163
16	166
16	167
16	168
16	170
16	174
16	175
16	178
16	180
16	182
16	184
16	187
16	188
16	193
17	19
17	21
17	25
17	27
17	28
17	29
17	31
17	35
17	36
17	37
17	38
17	39
17	40
17	43
17	46
17	48
17	49
17	50
17	51
17	52
17	53
17	54
17	59
17	62
17	63
17	66
17	72
17	78
17	79
17	86
17	87
17	89
17	92
17	98
17	100
17	104
17	107
17	111
17	115
17	120
17	123
17	124
17	128
17	130
17	136
17	137
17	139
17	143
17	146
17	147
17	149
17	151
17	156
17	158
17	160
17	161
17	166
17	171
17	172
17	173
17	175
17	177
17	180
17	181
17	182
17	184
17	189
17	191
17	194
17	197
18	20
18	21
18	22
18	26
18	29
18	30
18	31
18	32
18	35
18	44
18	48
18	49
18	56
18	59
18	60
18	65
18	66
18	69
18	71
18	74
18	75
18	77
18	79
18	80
18	82
18	84
18	88
18	92
18	94
18	96
18	100
18	102
18	104
18	105
18	106
18	107
18	108
18	111
18	112
18	115
18	117
18	120
18	122
18	124
18	125
18	127
18	130
18	136
18	137
18	138
18	151
18	152
18	153
18	154
18	155
18	156
18	157
18	158
18	159
18	161
18	162
18	163
18	165
18	166
18	168
18	170
18	171
18	173
18	174
18	175
18	182
18	184
18	186
18	188
18	189
18	190
18	192
19	21
19	22
19	27
19	32
19	34
19	35
19	36
19	37
19	38
19	43
19	47
19	48
19	49
19	50
19	53
19	54
19	60
19	61
19	62
19	64
19	65
19	69
19	74
19	75
19	77
19	78
19	79
19	80
19	81
19	82
19	83
19	85
19	87
19	92
19	94
19	100
19	104
19	111
19	114
19	115
19	116
19	120
19	124
19	129
19	130
19	132
19	135
19	136
19	138
19	140
19	142
19	148
19	152
19	155
19	162
19	164
19	168
19	172
19	174
19	177
19	179
19	180
19	186
19	189
19	190
19	195
19	197
19	199
20	21
20	22
20	23
20	24
20	25
20	29
20	30
20	32
20	33
20	37
20	39
20	42
20	44
20	47
20	48
20	49
20	51
20	54
20	55
20	60
20	62
20	67
20	81
20	83
20	84
20	86
20	87
20	89
20	90
20	91
20	92
20	93
20	95
20	101
20	104
20	110
20	115
20	117
20	118
20	120
20	123
20	125
20	128
20	130
20	131
20	133
20	140
20	143
20	145
20	151
20	154
20	158
20	162
20	165
20	169
20	175
20	176
20	178
20	183
20	185
20	186
20	194
20	195
20	197
21	22
21	25
21	31
21	36
21	37
21	38
21	39
21	44
21	45
21	46
21	47
21	52
21	55
21	58
21	61
21	63
21	64
21	65
21	69
21	70
21	71
21	72
21	73
21	77
21	78
21	79
21	80
21	82
21	87
21	92
21	93
21	94
21	95
21	103
21	108
21	111
21	119
21	121
21	124
21	129
21	131
21	132
21	133
21	135
21	136
21	138
21	143
21	144
21	146
21	149
21	150
21	151
21	152
21	159
21	160
21	161
21	162
21	165
21	170
21	172
21	175
21	177
21	178
21	180
21	185
21	186
21	187
21	188
21	195
21	198
21	199
22	23
22	24
22	27
22	29
22	30
22	32
22	35
22	36
22	38
22	40
22	43
22	45
22	47
22	54
22	55
22	57
22	59
22	60
22	61
22	62
22	64
22	66
22	67
22	68
22	72
22	75
22	81
22	84
22	85
22	86
22	87
22	93
22	97
22	98
22	102
22	105
22	108
22	109
22	110
22	118
22	122
22	124
22	125
22	128
22	131
22	133
22	139
22	140
22	141
22	152
22	153
22	158
22	165
22	169
22	173
22	174
22	176
22	177
22	178
22	179
22	181
22	185
22	186
22	187
22	189
22	195
22	196
22	197
23	24
23	26
23	27
23	31
23	36
23	37
23	41
23	43
23	44
23	50
23	51
23	53
23	54
23	56
23	65
23	68
23	70
23	76
23	80
23	82
23	85
23	87
23	90
23	94
23	98
23	100
23	105
23	106
23	107
23	112
23	113
23	116
23	117
23	118
23	119
23	121
23	122
23	127
23	132
23	134
23	135
23	142
23	147
23	149
23	151
23	154
23	157
23	160
23	166
23	167
23	170
23	171
23	172
23	174
23	177
23	184
23	185
23	187
23	188
23	192
23	194
23	196
23	198
24	25
24	29
24	30
24	35
24	39
24	40
24	43
24	44
24	48
24	50
24	51
24	53
24	55
24	57
24	59
24	60
24	61
24	62
24	63
24	65
24	68
24	69
24	70
24	73
24	74
24	75
24	80
24	81
24	82
24	84
24	90
24	91
24	92
24	94
24	102
24	104
24	105
24	106
24	113
24	114
24	119
24	126
24	128
24	130
24	133
24	137
24	139
24	144
24	150
24	151
24	153
24	154
24	157
24	163
24	166
24	167
24	170
24	171
24	174
24	176
24	177
24	181
24	182
24	183
24	184
24	186
24	199
25	26
25	31
25	32
25	33
25	34
25	41
25	44
25	45
25	47
25	48
25	50
25	55
25	56
25	58
25	59
25	61
25	62
25	67
25	72
25	76
25	78
25	84
25	86
25	87
25	90
25	92
25	98
25	103
25	104
25	110
25	113
25	114
25	115
25	116
25	117
25	119
25	120
25	121
25	122
25	123
25	124
25	126
25	134
25	136
25	137
25	139
25	141
25	143
25	145
25	149
25	150
25	151
25	152
25	154
25	155
25	159
25	165
25	166
25	167
25	174
25	175
25	176
25	182
25	185
25	186
25	190
25	193
25	195
25	197
26	28
26	35
26	42
26	46
26	47
26	50
26	51
26	54
26	57
26	63
26	64
26	74
26	75
26	76
26	78
26	79
26	83
26	85
26	86
26	94
26	95
26	96
26	97
26	98
26	102
26	103
26	104
26	108
26	110
26	113
26	115
26	116
26	117
26	120
26	123
26	126
26	128
26	130
26	131
26	133
26	140
26	143
26	144
26	146
26	156
26	157
26	158
26	159
26	160
26	161
26	162
26	164
26	165
26	167
26	168
26	169
26	171
26	178
26	182
26	183
26	184
26	187
26	188
26	189
26	190
26	191
26	195
26	196
26	197
27	31
27	32
27	34
27	35
27	38
27	39
27	41
27	43
27	47
27	50
27	51
27	52
27	57
27	58
27	59
27	60
27	61
27	62
27	63
27	68
27	70
27	71
27	73
27	77
27	80
27	81
27	82
27	85
27	86
27	90
27	93
27	95
27	96
27	99
27	101
27	103
27	104
27	116
27	118
27	121
27	125
27	129
27	131
27	135
27	137
27	141
27	142
27	150
27	153
27	155
27	163
27	166
27	169
27	172
27	174
27	177
27	178
27	182
27	185
27	190
27	191
27	195
27	196
27	197
27	198
28	29
28	31
28	32
28	34
28	36
28	39
28	40
28	43
28	45
28	51
28	52
28	58
28	60
28	61
28	64
28	69
28	71
28	75
28	76
28	80
28	81
28	84
28	85
28	91
28	93
28	95
28	96
28	100
28	102
28	104
28	108
28	116
28	122
28	123
28	126
28	130
28	135
28	137
28	138
28	143
28	147
28	148
28	149
28	152
28	153
28	156
28	157
28	159
28	162
28	163
28	164
28	167
28	172
28	173
28	174
28	178
28	180
28	181
28	184
28	185
28	187
28	188
28	189
28	190
28	192
28	193
28	196
28	198
29	30
29	33
29	34
29	37
29	39
29	42
29	43
29	45
29	46
29	47
29	52
29	57
29	60
29	69
29	75
29	81
29	82
29	84
29	86
29	87
29	88
29	91
29	92
29	96
29	97
29	99
29	100
29	101
29	103
29	104
29	107
29	109
29	112
29	115
29	116
29	118
29	119
29	122
29	124
29	126
29	127
29	128
29	131
29	133
29	134
29	140
29	142
29	143
29	147
29	152
29	156
29	158
29	159
29	160
29	164
29	166
29	169
29	170
29	174
29	176
29	180
29	181
29	185
29	186
29	187
29	190
29	191
29	193
29	195
29	196
29	197
29	198
30	31
30	36
30	38
30	41
30	43
30	46
30	55
30	60
30	64
30	65
30	67
30	69
30	72
30	75
30	77
30	78
30	80
30	81
30	83
30	90
30	95
30	100
30	102
30	103
30	104
30	105
30	112
30	114
30	115
30	117
30	118
30	119
30	123
30	124
30	129
30	134
30	137
30	141
30	142
30	146
30	147
30	150
30	153
30	154
30	155
30	156
30	158
30	159
30	161
30	163
30	164
30	166
30	169
30	170
30	171
30	175
30	176
30	177
30	178
30	182
30	185
30	186
30	188
30	189
30	190
30	192
30	197
30	198
31	33
31	39
31	40
31	45
31	51
31	54
31	56
31	58
31	61
31	66
31	73
31	75
31	79
31	80
31	81
31	87
31	89
31	96
31	97
31	100
31	104
31	105
31	107
31	111
31	113
31	114
31	116
31	121
31	122
31	123
31	125
31	126
31	127
31	132
31	135
31	136
31	137
31	142
31	144
31	145
31	146
31	147
31	149
31	150
31	157
31	163
31	166
31	169
31	170
31	171
31	174
31	175
31	180
31	186
31	187
31	189
31	190
31	195
31	196
31	197
32	34
32	35
32	37
32	47
32	50
32	52
32	53
32	54
32	55
32	56
32	57
32	64
32	66
32	68
32	70
32	71
32	73
32	74
32	75
32	79
32	81
32	82
32	84
32	91
32	94
32	96
32	99
32	105
32	107
32	112
32	115
32	116
32	119
32	120
32	123
32	125
32	131
32	134
32	137
32	139
32	141
32	143
32	145
32	152
32	153
32	155
32	157
32	159
32	160
32	162
32	165
32	169
32	170
32	176
32	179
32	184
32	188
32	195
32	196
32	198
32	199
33	36
33	37
33	39
33	41
33	44
33	47
33	48
33	50
33	51
33	52
33	54
33	56
33	57
33	60
33	61
33	64
33	65
33	69
33	72
33	74
33	77
33	78
33	79
33	81
33	82
33	88
33	89
33	90
33	91
33	100
33	104
33	107
33	108
33	110
33	111
33	113
33	114
33	118
33	119
33	120
33	122
33	124
33	125
33	127
33	128
33	131
33	136
33	137
33	138
33	140
33	141
33	145
33	146
33	151
33	153
33	154
33	155
33	156
33	157
33	158
33	160
33	162
33	165
33	166
33	167
33	168
33	169
33	171
33	173
33	174
33	177
33	178
33	181
33	184
33	190
33	191
33	193
33	197
34	36
34	39
34	44
34	47
34	52
34	55
34	56
34	59
34	60
34	63
34	64
34	65
34	69
34	71
34	72
34	75
34	79
34	83
34	84
34	86
34	89
34	90
34	91
34	99
34	102
34	103
34	109
34	110
34	113
34	115
34	116
34	121
34	129
34	132
34	133
34	139
34	141
34	142
34	143
34	145
34	146
34	147
34	148
34	154
34	157
34	158
34	160
34	161
34	163
34	167
34	170
34	171
34	174
34	176
34	178
34	179
34	180
34	181
34	182
34	186
34	187
34	190
34	191
34	196
35	36
35	38
35	40
35	43
35	44
35	46
35	49
35	51
35	53
35	55
35	56
35	62
35	64
35	65
35	66
35	67
35	68
35	70
35	71
35	72
35	78
35	80
35	83
35	84
35	88
35	89
35	93
35	98
35	100
35	101
35	102
35	103
35	105
35	106
35	108
35	113
35	115
35	119
35	126
35	129
35	132
35	133
35	134
35	136
35	139
35	140
35	142
35	143
35	144
35	146
35	147
35	152
35	153
35	159
35	162
35	163
35	167
35	168
35	169
35	170
35	171
35	172
35	176
35	177
35	178
35	179
35	183
35	189
35	195
35	196
36	39
36	40
36	41
36	46
36	51
36	59
36	60
36	61
36	63
36	65
36	66
36	72
36	76
36	78
36	80
36	81
36	85
36	86
36	88
36	91
36	93
36	97
36	98
36	102
36	103
36	104
36	108
36	111
36	114
36	122
36	128
36	129
36	133
36	134
36	135
36	136
36	137
36	139
36	143
36	144
36	146
36	150
36	154
36	156
36	158
36	160
36	163
36	168
36	170
36	172
36	177
36	182
36	183
36	187
36	188
36	192
36	193
36	194
36	196
36	197
37	40
37	41
37	47
37	48
37	49
37	54
37	57
37	59
37	60
37	65
37	66
37	68
37	69
37	70
37	72
37	73
37	80
37	81
37	83
37	85
37	86
37	88
37	90
37	92
37	97
37	98
37	99
37	100
37	104
37	108
37	109
37	110
37	111
37	113
37	115
37	117
37	120
37	121
37	125
37	130
37	132
37	134
37	135
37	136
37	137
37	143
37	145
37	148
37	149
37	150
37	151
37	153
37	155
37	158
37	161
37	165
37	166
37	167
37	169
37	175
37	176
37	177
37	182
37	188
37	189
37	190
37	193
37	198
38	44
38	48
38	50
38	53
38	59
38	60
38	65
38	68
38	70
38	72
38	78
38	80
38	82
38	84
38	88
38	89
38	92
38	93
38	94
38	95
38	96
38	97
38	99
38	101
38	103
38	105
38	106
38	107
38	110
38	111
38	112
38	114
38	117
38	118
38	119
38	121
38	122
38	127
38	129
38	130
38	131
38	132
38	133
38	134
38	136
38	138
38	139
38	142
38	143
38	144
38	150
38	151
38	153
38	154
38	155
38	156
38	157
38	158
38	162
38	163
38	172
38	178
38	181
38	185
38	186
38	187
38	188
38	191
38	192
38	193
38	199
39	42
39	43
39	44
39	52
39	53
39	54
39	63
39	66
39	69
39	71
39	72
39	73
39	77
39	78
39	81
39	85
39	86
39	87
39	89
39	93
39	94
39	99
39	103
39	106
39	107
39	110
39	112
39	113
39	114
39	118
39	119
39	121
39	129
39	131
39	132
39	137
39	139
39	143
39	145
39	148
39	149
39	150
39	151
39	152
39	153
39	154
39	156
39	161
39	162
39	163
39	168
39	169
39	170
39	174
39	175
39	178
39	179
39	181
39	182
39	186
39	188
39	190
39	194
39	196
39	197
39	198
40	41
40	42
40	43
40	45
40	50
40	51
40	53
40	56
40	58
40	59
40	61
40	62
40	63
40	64
40	65
40	66
40	73
40	75
40	76
40	78
40	79
40	83
40	84
40	89
40	91
40	93
40	95
40	103
40	106
40	107
40	111
40	116
40	117
40	118
40	126
40	127
40	128
40	129
40	131
40	137
40	138
40	139
40	141
40	142
40	143
40	146
40	148
40	150
40	157
40	158
40	160
40	162
40	163
40	170
40	172
40	176
40	177
40	179
40	180
40	182
40	183
40	185
40	186
40	190
40	195
40	196
40	197
40	199
41	44
41	47
41	48
41	51
41	56
41	58
41	60
41	66
41	67
41	74
41	76
41	78
41	79
41	83
41	86
41	90
41	92
41	96
41	98
41	101
41	105
41	109
41	110
41	111
41	112
41	115
41	116
41	118
41	120
41	123
41	129
41	130
41	131
41	132
41	133
41	134
41	141
41	144
41	148
41	149
41	154
41	156
41	158
41	160
41	163
41	168
41	169
41	170
41	173
41	175
41	176
41	177
41	178
41	180
41	182
41	185
41	189
41	190
41	192
41	194
41	196
41	197
41	199
42	43
42	45
42	46
42	47
42	49
42	54
42	58
42	61
42	67
42	68
42	72
42	73
42	74
42	76
42	84
42	85
42	86
42	90
42	91
42	96
42	101
42	103
42	106
42	107
42	108
42	111
42	113
42	115
42	118
42	120
42	122
42	125
42	126
42	128
42	129
42	130
42	133
42	134
42	135
42	138
42	141
42	142
42	144
42	147
42	148
42	150
42	152
42	154
42	156
42	165
42	168
42	171
42	172
42	174
42	175
42	177
42	179
42	180
42	181
42	183
42	184
42	186
42	187
42	188
42	189
42	190
42	192
42	194
42	195
42	198
43	45
43	48
43	52
43	55
43	58
43	61
43	68
43	69
43	70
43	72
43	73
43	76
43	78
43	81
43	82
43	84
43	85
43	86
43	87
43	91
43	93
43	95
43	96
43	97
43	98
43	106
43	111
43	113
43	114
43	115
43	116
43	120
43	122
43	125
43	126
43	128
43	132
43	133
43	137
43	144
43	149
43	152
43	153
43	155
43	157
43	163
43	171
43	172
43	174
43	175
43	176
43	179
43	181
43	184
43	186
43	188
43	189
43	191
43	192
43	193
43	199
44	45
44	48
44	54
44	59
44	60
44	64
44	65
44	69
44	71
44	74
44	76
44	79
44	80
44	81
44	82
44	88
44	95
44	97
44	102
44	104
44	106
44	109
44	113
44	114
44	118
44	119
44	122
44	124
44	126
44	127
44	133
44	134
44	135
44	136
44	137
44	141
44	142
44	144
44	145
44	146
44	148
44	149
44	150
44	152
44	153
44	156
44	159
44	164
44	165
44	167
44	168
44	172
44	174
44	176
44	180
44	182
44	187
44	189
44	195
44	196
44	198
45	46
45	47
45	49
45	55
45	56
45	58
45	61
45	66
45	69
45	70
45	74
45	76
45	77
45	79
45	81
45	82
45	85
45	90
45	93
45	97
45	98
45	99
45	101
45	102
45	103
45	104
45	109
45	119
45	120
45	123
45	125
45	128
45	129
45	130
45	131
45	134
45	136
45	137
45	141
45	144
45	145
45	146
45	147
45	148
45	151
45	153
45	155
45	157
45	163
45	168
45	174
45	178
45	179
45	180
45	183
45	186
45	187
45	191
45	193
45	194
45	196
45	197
45	199
46	48
46	49
46	53
46	54
46	57
46	58
46	60
46	61
46	65
46	66
46	67
46	69
46	70
46	79
46	80
46	83
46	86
46	91
46	94
46	95
46	98
46	99
46	100
46	101
46	106
46	110
46	112
46	116
46	117
46	118
46	120
46	126
46	128
46	132
46	135
46	139
46	141
46	150
46	152
46	155
46	160
46	167
46	168
46	174
46	175
46	176
46	177
46	183
46	185
46	186
46	188
46	189
46	193
46	194
46	196
47	51
47	53
47	59
47	62
47	64
47	74
47	75
47	78
47	84
47	85
47	86
47	87
47	89
47	91
47	93
47	95
47	97
47	98
47	99
47	100
47	101
47	103
47	106
47	108
47	111
47	112
47	113
47	114
47	117
47	122
47	124
47	126
47	128
47	129
47	131
47	133
47	134
47	136
47	140
47	141
47	142
47	143
47	145
47	146
47	149
47	150
47	154
47	157
47	158
47	161
47	165
47	166
47	167
47	168
47	169
47	175
47	177
47	181
47	186
47	187
47	188
47	190
47	193
47	196
47	199
48	51
48	53
48	59
48	62
48	65
48	68
48	69
48	74
48	75
48	76
48	78
48	79
48	81
48	83
48	84
48	85
48	86
48	87
48	88
48	89
48	93
48	94
48	96
48	97
48	98
48	105
48	106
48	108
48	112
48	114
48	116
48	117
48	118
48	120
48	121
48	123
48	127
48	128
48	129
48	131
48	132
48	137
48	140
48	150
48	154
48	156
48	162
48	164
48	169
48	175
48	179
48	181
48	183
48	186
48	188
48	191
48	196
48	199
49	52
49	53
49	58
49	65
49	67
49	68
49	70
49	72
49	73
49	74
49	77
49	79
49	83
49	89
49	91
49	92
49	93
49	94
49	95
49	99
49	101
49	102
49	108
49	109
49	111
49	114
49	118
49	119
49	120
49	121
49	124
49	125
49	129
49	132
49	134
49	136
49	141
49	143
49	146
49	149
49	150
49	151
49	154
49	156
49	157
49	158
49	159
49	161
49	162
49	164
49	167
49	168
49	172
49	173
49	178
49	179
49	180
49	182
49	188
49	192
49	193
49	194
49	196
49	198
50	51
50	55
50	59
50	62
50	63
50	66
50	72
50	75
50	76
50	78
50	81
50	83
50	87
50	88
50	89
50	91
50	92
50	96
50	99
50	100
50	101
50	103
50	106
50	107
50	109
50	110
50	115
50	116
50	117
50	122
50	126
50	127
50	128
50	140
50	144
50	145
50	146
50	149
50	153
50	156
50	157
50	158
50	163
50	168
50	169
50	173
50	177
50	179
50	183
50	184
50	186
50	187
50	188
50	191
50	192
50	194
50	195
50	197
51	55
51	56
51	58
51	59
51	60
51	62
51	63
51	67
51	73
51	75
51	77
51	78
51	82
51	86
51	87
51	88
51	89
51	92
51	93
51	96
51	98
51	101
51	102
51	103
51	108
51	112
51	114
51	116
51	118
51	121
51	122
51	124
51	126
51	127
51	128
51	131
51	132
51	133
51	138
51	142
51	143
51	145
51	146
51	150
51	151
51	153
51	156
51	162
51	166
51	169
51	171
51	178
51	180
51	183
51	186
51	188
51	191
51	193
51	194
51	197
51	198
51	199
52	57
52	58
52	60
52	61
52	65
52	68
52	73
52	74
52	81
52	82
52	86
52	92
52	93
52	94
52	95
52	100
52	103
52	105
52	106
52	107
52	109
52	110
52	116
52	119
52	121
52	122
52	124
52	125
52	126
52	127
52	129
52	130
52	135
52	138
52	139
52	141
52	144
52	145
52	146
52	152
52	159
52	160
52	165
52	168
52	170
52	174
52	179
52	181
52	184
52	185
52	187
52	189
52	192
52	193
52	194
52	198
52	199
53	54
53	59
53	61
53	62
53	64
53	66
53	68
53	72
53	74
53	78
53	81
53	88
53	90
53	92
53	93
53	98
53	102
53	108
53	110
53	112
53	114
53	116
53	117
53	118
53	119
53	121
53	122
53	128
53	131
53	134
53	140
53	142
53	144
53	150
53	151
53	152
53	153
53	154
53	156
53	161
53	164
53	165
53	166
53	168
53	171
53	172
53	179
53	184
53	188
53	190
53	191
53	193
53	194
53	197
53	198
54	56
54	57
54	58
54	59
54	66
54	68
54	69
54	72
54	73
54	78
54	80
54	83
54	85
54	86
54	93
54	97
54	98
54	103
54	104
54	106
54	107
54	109
54	111
54	112
54	113
54	115
54	119
54	122
54	123
54	124
54	125
54	129
54	130
54	133
54	134
54	136
54	139
54	146
54	150
54	151
54	152
54	153
54	157
54	165
54	167
54	169
54	170
54	176
54	179
54	188
54	192
54	193
54	194
54	196
55	58
55	59
55	62
55	63
55	64
55	65
55	68
55	69
55	73
55	74
55	76
55	79
55	80
55	81
55	83
55	84
55	86
55	87
55	93
55	101
55	102
55	105
55	108
55	113
55	118
55	120
55	122
55	124
55	125
55	127
55	130
55	131
55	132
55	136
55	142
55	146
55	148
55	149
55	155
55	156
55	157
55	165
55	168
55	171
55	174
55	179
55	181
55	183
55	185
55	187
55	188
55	190
55	196
55	197
56	61
56	66
56	67
56	71
56	75
56	76
56	77
56	78
56	80
56	82
56	85
56	87
56	90
56	93
56	100
56	103
56	104
56	105
56	106
56	110
56	111
56	112
56	113
56	114
56	115
56	118
56	120
56	124
56	126
56	130
56	134
56	135
56	137
56	138
56	140
56	142
56	143
56	144
56	150
56	152
56	153
56	161
56	164
56	167
56	168
56	171
56	176
56	177
56	180
56	181
56	182
56	184
56	187
56	188
56	189
56	190
56	192
56	197
56	198
57	59
57	61
57	63
57	64
57	65
57	66
57	68
57	70
57	71
57	75
57	81
57	84
57	87
57	89
57	92
57	93
57	94
57	95
57	99
57	101
57	106
57	107
57	112
57	113
57	117
57	118
57	122
57	123
57	124
57	125
57	128
57	129
57	130
57	135
57	136
57	138
57	143
57	144
57	145
57	146
57	148
57	149
57	153
57	157
57	159
57	161
57	163
57	164
57	169
57	170
57	171
57	173
57	175
57	179
57	183
57	184
57	187
57	190
57	192
57	198
58	60
58	64
58	67
58	68
58	69
58	71
58	73
58	76
58	80
58	82
58	83
58	86
58	88
58	92
58	96
58	98
58	101
58	102
58	108
58	109
58	110
58	116
58	121
58	122
58	124
58	126
58	127
58	128
58	130
58	131
58	135
58	136
58	137
58	138
58	141
58	145
58	146
58	152
58	153
58	154
58	159
58	160
58	161
58	164
58	169
58	171
58	172
58	173
58	176
58	178
58	180
58	183
58	184
58	188
58	189
58	192
58	194
58	195
58	196
59	60
59	62
59	65
59	66
59	70
59	73
59	75
59	79
59	80
59	83
59	86
59	94
59	95
59	101
59	102
59	103
59	104
59	106
59	113
59	114
59	115
59	117
59	121
59	122
59	123
59	125
59	126
59	128
59	129
59	130
59	131
59	135
59	137
59	139
59	140
59	142
59	143
59	144
59	145
59	146
59	147
59	148
59	154
59	157
59	163
59	166
59	172
59	176
59	177
59	178
59	181
59	184
59	186
59	187
59	188
59	191
59	193
59	194
59	197
59	199
60	64
60	65
60	74
60	75
60	76
60	77
60	78
60	79
60	83
60	85
60	88
60	92
60	97
60	109
60	112
60	115
60	118
60	119
60	122
60	124
60	125
60	128
60	129
60	130
60	131
60	132
60	134
60	136
60	137
60	139
60	141
60	144
60	145
60	147
60	150
60	152
60	155
60	157
60	160
60	161
60	163
60	164
60	166
60	167
60	168
60	172
60	173
60	175
60	179
60	180
60	181
60	183
60	185
60	193
60	194
60	195
60	197
61	63
61	64
61	65
61	66
61	68
61	69
61	73
61	74
61	76
61	77
61	80
61	81
61	84
61	86
61	88
61	89
61	93
61	94
61	99
61	102
61	104
61	105
61	106
61	112
61	113
61	115
61	119
61	120
61	125
61	126
61	128
61	131
61	137
61	141
61	142
61	147
61	151
61	158
61	161
61	162
61	163
61	164
61	167
61	176
61	177
61	185
61	187
61	189
61	190
61	191
61	195
61	199
62	63
62	64
62	65
62	66
62	67
62	68
62	71
62	72
62	74
62	76
62	82
62	83
62	85
62	86
62	88
62	92
62	95
62	98
62	99
62	102
62	104
62	107
62	115
62	116
62	117
62	119
62	126
62	129
62	130
62	131
62	135
62	142
62	143
62	150
62	152
62	153
62	154
62	156
62	157
62	158
62	163
62	164
62	169
62	172
62	173
62	176
62	190
62	191
62	192
62	194
63	64
63	70
63	71
63	76
63	79
63	80
63	86
63	87
63	88
63	90
63	92
63	95
63	98
63	104
63	108
63	110
63	112
63	113
63	114
63	115
63	120
63	124
63	127
63	128
63	130
63	132
63	135
63	139
63	144
63	145
63	146
63	148
63	152
63	153
63	155
63	156
63	158
63	162
63	165
63	167
63	169
63	175
63	177
63	178
63	179
63	182
63	183
63	186
63	188
63	191
63	193
63	194
63	195
64	66
64	68
64	71
64	72
64	80
64	83
64	84
64	86
64	87
64	89
64	90
64	92
64	93
64	94
64	97
64	98
64	100
64	106
64	107
64	112
64	114
64	115
64	116
64	117
64	121
64	125
64	126
64	130
64	131
64	133
64	137
64	138
64	141
64	145
64	147
64	152
64	153
64	157
64	159
64	160
64	161
64	171
64	173
64	177
64	179
64	180
64	181
64	183
64	185
64	186
64	187
64	188
64	191
64	198
65	68
65	73
65	75
65	77
65	84
65	87
65	89
65	93
65	94
65	97
65	98
65	99
65	102
65	104
65	105
65	106
65	107
65	111
65	113
65	115
65	116
65	122
65	123
65	124
65	128
65	129
65	134
65	135
65	138
65	142
65	143
65	148
65	152
65	158
65	159
65	161
65	162
65	175
65	176
65	178
65	185
65	187
65	190
65	191
65	192
65	195
65	197
66	68
66	70
66	74
66	77
66	78
66	79
66	80
66	84
66	85
66	88
66	92
66	94
66	95
66	96
66	97
66	100
66	103
66	104
66	105
66	108
66	111
66	112
66	117
66	129
66	131
66	132
66	137
66	141
66	143
66	144
66	145
66	146
66	149
66	152
66	156
66	158
66	161
66	162
66	164
66	166
66	170
66	171
66	174
66	176
66	177
66	178
66	181
66	183
66	185
66	186
66	187
66	188
66	191
66	193
66	196
66	198
66	199
67	68
67	70
67	71
67	72
67	73
67	78
67	87
67	99
67	103
67	104
67	105
67	107
67	110
67	112
67	114
67	115
67	119
67	122
67	127
67	128
67	132
67	134
67	139
67	140
67	145
67	153
67	154
67	155
67	158
67	161
67	162
67	163
67	164
67	166
67	167
67	169
67	171
67	173
67	175
67	177
67	178
67	179
67	181
67	182
67	183
67	185
67	186
67	188
67	193
67	194
67	196
67	197
68	69
68	70
68	73
68	76
68	77
68	79
68	84
68	85
68	92
68	96
68	97
68	98
68	99
68	101
68	102
68	103
68	105
68	106
68	107
68	108
68	109
68	111
68	114
68	115
68	117
68	120
68	122
68	127
68	129
68	133
68	137
68	142
68	144
68	155
68	160
68	161
68	162
68	165
68	168
68	171
68	173
68	175
68	178
68	179
68	180
68	181
68	185
68	188
68	190
68	193
68	194
68	197
68	198
69	72
69	76
69	77
69	78
69	81
69	88
69	90
69	92
69	93
69	94
69	95
69	96
69	97
69	100
69	101
69	103
69	105
69	109
69	124
69	130
69	132
69	135
69	136
69	138
69	141
69	143
69	144
69	145
69	149
69	154
69	156
69	157
69	158
69	160
69	167
69	168
69	169
69	170
69	173
69	174
69	176
69	177
69	178
69	179
69	184
69	189
69	190
69	191
69	193
69	194
69	195
69	197
69	198
70	71
70	75
70	82
70	85
70	92
70	94
70	96
70	99
70	102
70	104
70	107
70	112
70	113
70	114
70	119
70	120
70	121
70	122
70	124
70	128
70	130
70	135
70	137
70	138
70	140
70	141
70	142
70	144
70	145
70	146
70	149
70	154
70	163
70	164
70	168
70	169
70	171
70	172
70	176
70	182
70	186
70	189
70	190
70	196
70	197
71	73
71	74
71	75
71	77
71	79
71	82
71	83
71	84
71	89
71	91
71	93
71	94
71	97
71	101
71	102
71	105
71	107
71	109
71	110
71	113
71	117
71	118
71	123
71	124
71	126
71	130
71	132
71	133
71	139
71	140
71	142
71	144
71	148
71	149
71	155
71	157
71	163
71	168
71	169
71	170
71	173
71	174
71	175
71	176
71	181
71	182
71	188
71	189
71	190
71	191
71	194
71	196
71	198
71	199
72	74
72	76
72	81
72	82
72	83
72	84
72	87
72	88
72	97
72	100
72	102
72	107
72	109
72	110
72	116
72	117
72	118
72	119
72	121
72	125
72	127
72	131
72	133
72	134
72	136
72	139
72	140
72	143
72	144
72	145
72	146
72	148
72	151
72	152
72	154
72	156
72	160
72	164
72	166
72	168
72	171
72	173
72	174
72	175
72	176
72	182
72	185
72	187
72	188
72	189
72	194
73	74
73	76
73	78
73	79
73	80
73	81
73	82
73	83
73	88
73	89
73	90
73	94
73	95
73	97
73	101
73	102
73	103
73	106
73	107
73	110
73	118
73	122
73	124
73	126
73	127
73	129
73	130
73	134
73	140
73	141
73	142
73	144
73	148
73	151
73	153
73	158
73	160
73	161
73	163
73	165
73	167
73	168
73	170
73	171
73	174
73	176
73	182
73	183
73	185
73	186
73	191
73	193
73	195
74	76
74	77
74	78
74	80
74	83
74	86
74	87
74	88
74	90
74	93
74	96
74	97
74	98
74	110
74	113
74	116
74	119
74	122
74	123
74	126
74	128
74	129
74	131
74	132
74	133
74	134
74	135
74	136
74	137
74	138
74	139
74	140
74	142
74	145
74	146
74	147
74	149
74	154
74	155
74	156
74	157
74	158
74	159
74	161
74	163
74	165
74	167
74	172
74	173
74	175
74	177
74	179
74	186
74	188
74	194
75	77
75	78
75	79
75	80
75	81
75	83
75	88
75	90
75	91
75	94
75	97
75	99
75	100
75	102
75	112
75	113
75	114
75	116
75	119
75	121
75	123
75	124
75	125
75	127
75	129
75	135
75	136
75	137
75	139
75	140
75	142
75	152
75	153
75	156
75	157
75	158
75	166
75	178
75	182
75	185
75	189
75	191
75	193
75	194
75	195
75	197
75	199
76	79
76	82
76	83
76	85
76	87
76	88
76	91
76	92
76	94
76	98
76	106
76	108
76	110
76	113
76	114
76	116
76	117
76	118
76	119
76	123
76	125
76	128
76	132
76	134
76	137
76	140
76	142
76	144
76	145
76	146
76	148
76	150
76	151
76	154
76	156
76	157
76	158
76	159
76	160
76	161
76	164
76	166
76	168
76	170
76	173
76	177
76	179
76	180
76	182
76	194
76	195
76	197
76	198
76	199
77	80
77	81
77	89
77	96
77	97
77	98
77	102
77	103
77	104
77	107
77	109
77	112
77	117
77	118
77	120
77	122
77	127
77	128
77	133
77	136
77	139
77	140
77	144
77	147
77	149
77	153
77	157
77	158
77	159
77	161
77	166
77	169
77	170
77	176
77	180
77	181
77	183
77	187
77	188
77	196
78	81
78	82
78	90
78	94
78	99
78	106
78	109
78	110
78	111
78	115
78	117
78	118
78	119
78	121
78	123
78	124
78	130
78	135
78	136
78	137
78	142
78	144
78	147
78	149
78	150
78	154
78	155
78	157
78	159
78	160
78	161
78	164
78	165
78	166
78	168
78	169
78	172
78	174
78	175
78	176
78	178
78	181
78	184
78	185
78	186
78	187
78	191
78	194
78	195
79	82
79	84
79	90
79	91
79	92
79	93
79	94
79	95
79	101
79	102
79	104
79	107
79	110
79	111
79	114
79	116
79	117
79	121
79	123
79	124
79	125
79	126
79	128
79	129
79	130
79	132
79	133
79	134
79	139
79	142
79	143
79	146
79	149
79	153
79	154
79	158
79	159
79	162
79	165
79	169
79	172
79	173
79	174
79	175
79	177
79	178
79	180
79	182
79	183
79	186
79	187
79	189
79	191
79	198
80	82
80	83
80	89
80	91
80	96
80	98
80	99
80	101
80	102
80	103
80	104
80	105
80	108
80	109
80	111
80	112
80	115
80	119
80	121
80	124
80	126
80	129
80	133
80	134
80	136
80	139
80	140
80	141
80	143
80	144
80	145
80	146
80	150
80	153
80	161
80	162
80	163
80	164
80	165
80	166
80	167
80	168
80	173
80	175
80	176
80	181
80	182
80	185
80	187
80	189
80	191
80	193
80	197
80	198
80	199
81	84
81	86
81	88
81	89
81	102
81	103
81	104
81	105
81	110
81	116
81	118
81	119
81	120
81	122
81	123
81	133
81	136
81	138
81	141
81	145
81	153
81	154
81	156
81	159
81	160
81	162
81	163
81	167
81	169
81	170
81	171
81	172
81	173
81	176
81	178
81	179
81	180
81	188
81	193
81	195
81	199
82	83
82	85
82	87
82	88
82	96
82	105
82	106
82	109
82	112
82	113
82	116
82	117
82	119
82	120
82	121
82	125
82	126
82	127
82	134
82	135
82	137
82	146
82	149
82	153
82	154
82	155
82	156
82	160
82	163
82	164
82	165
82	173
82	174
82	175
82	180
82	181
82	183
82	185
82	186
82	187
82	193
82	194
82	195
82	198
83	85
83	86
83	89
83	91
83	92
83	99
83	100
83	108
83	115
83	116
83	119
83	123
83	132
83	133
83	134
83	135
83	137
83	139
83	140
83	142
83	143
83	147
83	148
83	150
83	151
83	153
83	154
83	157
83	160
83	161
83	163
83	165
83	166
83	167
83	172
83	173
83	178
83	183
83	184
83	185
83	187
83	192
83	198
84	91
84	96
84	98
84	99
84	107
84	110
84	112
84	113
84	116
84	118
84	119
84	120
84	124
84	128
84	130
84	131
84	132
84	133
84	134
84	135
84	138
84	141
84	146
84	147
84	151
84	155
84	157
84	158
84	162
84	165
84	169
84	170
84	176
84	178
84	180
84	181
84	183
84	184
84	186
84	190
84	192
84	195
84	198
84	199
85	92
85	96
85	98
85	99
85	101
85	104
85	105
85	107
85	109
85	110
85	111
85	112
85	117
85	119
85	122
85	126
85	127
85	128
85	130
85	131
85	134
85	136
85	142
85	146
85	148
85	149
85	151
85	157
85	160
85	162
85	165
85	166
85	167
85	173
85	174
85	175
85	176
85	178
85	186
85	188
85	190
85	191
85	193
85	195
86	87
86	90
86	91
86	92
86	104
86	105
86	107
86	108
86	109
86	111
86	112
86	115
86	116
86	122
86	124
86	126
86	128
86	129
86	133
86	135
86	136
86	142
86	143
86	145
86	148
86	152
86	156
86	157
86	159
86	160
86	161
86	162
86	165
86	166
86	171
86	180
86	181
86	183
86	184
86	185
86	186
86	194
86	195
86	197
86	199
87	90
87	91
87	92
87	94
87	99
87	100
87	102
87	103
87	104
87	107
87	109
87	110
87	123
87	124
87	127
87	134
87	135
87	137
87	142
87	145
87	151
87	152
87	157
87	158
87	159
87	171
87	175
87	176
87	177
87	179
87	180
87	182
87	183
87	184
87	186
87	189
87	192
87	194
87	195
87	198
88	90
88	93
88	97
88	99
88	100
88	104
88	106
88	107
88	109
88	112
88	116
88	117
88	121
88	122
88	123
88	126
88	140
88	141
88	143
88	145
88	147
88	152
88	153
88	154
88	158
88	159
88	161
88	168
88	169
88	170
88	171
88	180
88	181
88	182
88	187
88	190
88	191
88	196
88	197
88	199
89	90
89	91
89	93
89	94
89	97
89	100
89	101
89	102
89	104
89	108
89	110
89	112
89	113
89	115
89	116
89	125
89	128
89	129
89	132
89	133
89	136
89	137
89	138
89	140
89	141
89	144
89	145
89	149
89	151
89	152
89	154
89	155
89	157
89	158
89	159
89	162
89	164
89	165
89	169
89	174
89	175
89	176
89	182
89	183
89	185
89	188
89	189
89	193
89	197
89	198
89	199
90	96
90	97
90	98
90	99
90	101
90	103
90	104
90	108
90	112
90	115
90	116
90	118
90	123
90	128
90	130
90	137
90	139
90	140
90	141
90	145
90	146
90	147
90	149
90	150
90	158
90	159
90	160
90	161
90	163
90	168
90	169
90	170
90	174
90	177
90	179
90	186
90	189
90	192
90	193
90	194
90	195
90	196
90	198
91	97
91	100
91	103
91	104
91	108
91	109
91	110
91	112
91	113
91	116
91	120
91	121
91	122
91	123
91	124
91	126
91	130
91	134
91	135
91	138
91	139
91	144
91	146
91	147
91	150
91	153
91	157
91	158
91	159
91	160
91	163
91	164
91	168
91	170
91	172
91	176
91	177
91	180
91	185
91	186
91	187
91	194
91	195
91	196
91	197
91	199
92	93
92	95
92	97
92	100
92	101
92	103
92	105
92	106
92	114
92	115
92	116
92	119
92	123
92	126
92	127
92	128
92	129
92	130
92	137
92	138
92	139
92	141
92	143
92	144
92	147
92	150
92	151
92	153
92	154
92	155
92	156
92	159
92	161
92	163
92	164
92	165
92	169
92	170
92	171
92	173
92	174
92	176
92	177
92	181
92	182
92	185
92	188
92	189
92	192
92	195
92	196
92	197
92	198
93	94
93	98
93	99
93	100
93	101
93	102
93	104
93	106
93	108
93	109
93	110
93	113
93	114
93	116
93	121
93	123
93	126
93	127
93	134
93	135
93	136
93	139
93	140
93	143
93	145
93	152
93	153
93	155
93	156
93	169
93	170
93	175
93	177
93	182
93	183
93	187
93	188
93	190
93	192
93	193
93	195
93	197
93	198
93	199
94	96
94	97
94	99
94	103
94	110
94	112
94	113
94	115
94	117
94	120
94	121
94	126
94	132
94	136
94	137
94	138
94	139
94	140
94	144
94	145
94	147
94	148
94	149
94	150
94	152
94	157
94	160
94	162
94	164
94	166
94	169
94	171
94	172
94	173
94	176
94	177
94	180
94	181
94	182
94	183
94	184
94	187
94	189
94	194
94	197
94	198
95	99
95	100
95	102
95	106
95	115
95	116
95	117
95	119
95	122
95	124
95	127
95	129
95	135
95	139
95	140
95	141
95	142
95	144
95	145
95	147
95	151
95	152
95	153
95	155
95	157
95	161
95	162
95	168
95	169
95	171
95	183
95	184
95	187
95	188
95	189
95	190
95	192
95	193
95	196
95	199
96	100
96	102
96	104
96	105
96	106
96	108
96	109
96	110
96	115
96	122
96	123
96	124
96	130
96	132
96	135
96	139
96	144
96	145
96	148
96	150
96	151
96	153
96	156
96	160
96	162
96	164
96	166
96	167
96	170
96	181
96	185
96	186
96	189
96	197
96	199
97	100
97	103
97	105
97	111
97	118
97	120
97	121
97	123
97	130
97	132
97	133
97	134
97	139
97	140
97	145
97	148
97	151
97	152
97	154
97	156
97	157
97	163
97	167
97	176
97	177
97	178
97	185
97	187
97	193
97	194
97	196
98	99
98	100
98	101
98	110
98	111
98	112
98	116
98	121
98	124
98	128
98	131
98	138
98	140
98	142
98	144
98	145
98	147
98	148
98	150
98	151
98	155
98	156
98	158
98	165
98	169
98	173
98	174
98	176
98	177
98	179
98	180
98	182
98	183
98	190
98	196
98	198
99	107
99	111
99	118
99	119
99	120
99	123
99	125
99	126
99	130
99	132
99	134
99	135
99	136
99	139
99	143
99	148
99	149
99	151
99	152
99	153
99	155
99	156
99	159
99	160
99	166
99	167
99	170
99	171
99	172
99	177
99	179
99	181
99	184
99	185
99	187
100	103
100	105
100	110
100	111
100	112
100	113
100	114
100	119
100	120
100	122
100	124
100	127
100	128
100	131
100	137
100	142
100	145
100	146
100	147
100	148
100	150
100	152
100	153
100	168
100	170
100	176
100	178
100	179
100	182
100	183
100	184
100	185
100	187
100	189
100	190
100	191
100	193
101	104
101	110
101	112
101	116
101	117
101	120
101	122
101	123
101	125
101	126
101	127
101	129
101	131
101	136
101	138
101	143
101	144
101	146
101	149
101	153
101	154
101	159
101	169
101	171
101	172
101	174
101	175
101	177
101	178
101	180
101	183
101	184
101	185
101	187
101	189
101	193
102	103
102	104
102	107
102	108
102	110
102	113
102	114
102	115
102	117
102	121
102	122
102	123
102	124
102	125
102	126
102	127
102	128
102	129
102	132
102	133
102	135
102	137
102	143
102	144
102	147
102	151
102	156
102	159
102	163
102	164
102	165
102	167
102	168
102	169
102	175
102	176
102	177
102	181
102	184
102	193
102	196
102	198
103	104
103	108
103	111
103	112
103	119
103	134
103	136
103	137
103	138
103	139
103	142
103	144
103	149
103	152
103	155
103	156
103	159
103	162
103	163
103	165
103	168
103	176
103	178
103	179
103	184
103	185
103	189
103	190
103	191
103	197
104	107
104	109
104	113
104	118
104	123
104	124
104	126
104	127
104	130
104	132
104	133
104	141
104	142
104	143
104	145
104	150
104	152
104	153
104	156
104	157
104	159
104	160
104	161
104	163
104	167
104	171
104	175
104	179
104	180
104	181
104	183
104	184
104	188
104	190
104	191
104	192
104	195
104	196
104	198
104	199
105	106
105	109
105	110
105	112
105	113
105	114
105	115
105	117
105	124
105	128
105	129
105	130
105	131
105	134
105	137
105	141
105	142
105	145
105	146
105	149
105	150
105	151
105	153
105	155
105	158
105	159
105	161
105	162
105	168
105	172
105	173
105	174
105	175
105	179
105	180
105	183
105	184
105	185
105	188
105	189
105	190
105	191
105	194
105	195
105	197
106	113
106	114
106	115
106	116
106	120
106	121
106	127
106	129
106	131
106	133
106	135
106	136
106	138
106	143
106	146
106	154
106	155
106	156
106	157
106	158
106	161
106	165
106	166
106	174
106	176
106	179
106	181
106	184
106	187
106	190
106	191
106	195
106	197
106	198
107	111
107	112
107	114
107	115
107	117
107	119
107	123
107	124
107	126
107	127
107	128
107	129
107	130
107	131
107	132
107	133
107	135
107	141
107	144
107	146
107	147
107	148
107	150
107	151
107	154
107	157
107	161
107	163
107	164
107	165
107	166
107	167
107	169
107	174
107	180
107	184
107	185
107	189
107	192
107	195
107	198
108	112
108	118
108	121
108	122
108	126
108	127
108	130
108	133
108	135
108	136
108	142
108	146
108	149
108	151
108	156
108	157
108	159
108	161
108	162
108	163
108	167
108	169
108	170
108	173
108	174
108	175
108	179
108	183
108	185
108	187
108	189
108	190
108	195
108	197
108	198
109	112
109	115
109	118
109	119
109	122
109	127
109	130
109	132
109	137
109	139
109	145
109	146
109	149
109	157
109	160
109	162
109	165
109	166
109	168
109	175
109	179
109	182
109	183
109	186
109	193
109	196
109	197
110	111
110	112
110	114
110	116
110	117
110	119
110	121
110	122
110	125
110	127
110	131
110	133
110	134
110	135
110	137
110	138
110	145
110	148
110	149
110	150
110	152
110	153
110	154
110	158
110	160
110	161
110	163
110	168
110	170
110	172
110	173
110	180
110	181
110	182
110	185
110	186
110	193
110	195
110	199
111	113
111	116
111	117
111	122
111	123
111	125
111	131
111	132
111	134
111	137
111	141
111	143
111	146
111	150
111	154
111	156
111	158
111	159
111	160
111	161
111	162
111	163
111	164
111	165
111	170
111	172
111	175
111	182
111	184
111	186
111	188
111	189
111	192
111	194
111	199
112	120
112	123
112	129
112	130
112	131
112	132
112	138
112	140
112	142
112	145
112	149
112	153
112	156
112	158
112	160
112	161
112	164
112	166
112	167
112	169
112	171
112	173
112	175
112	176
112	178
112	179
112	184
112	185
112	187
112	188
112	190
112	191
112	192
112	194
112	195
112	199
113	116
113	117
113	138
113	141
113	143
113	146
113	147
113	148
113	149
113	156
113	161
113	162
113	163
113	164
113	165
113	170
113	173
113	178
113	183
113	184
113	186
113	190
113	195
113	199
114	115
114	118
114	119
114	122
114	128
114	129
114	131
114	135
114	139
114	142
114	143
114	146
114	148
114	150
114	155
114	157
114	158
114	160
114	161
114	168
114	169
114	172
114	178
114	180
114	181
114	182
114	184
114	185
114	186
114	187
114	194
114	195
114	197
114	199
115	117
115	123
115	125
115	127
115	133
115	140
115	143
115	144
115	145
115	147
115	149
115	152
115	153
115	154
115	155
115	165
115	169
115	176
115	178
115	180
115	182
115	184
115	185
115	186
115	188
115	189
115	190
115	192
115	193
115	194
116	117
116	120
116	121
116	123
116	124
116	125
116	127
116	131
116	132
116	133
116	137
116	144
116	146
116	148
116	150
116	152
116	154
116	158
116	159
116	160
116	163
116	164
116	165
116	170
116	172
116	174
116	178
116	179
116	183
116	184
116	187
116	188
116	190
116	192
116	193
116	197
116	199
117	121
117	125
117	126
117	131
117	133
117	136
117	139
117	144
117	145
117	150
117	151
117	153
117	157
117	158
117	162
117	163
117	164
117	165
117	168
117	170
117	171
117	172
117	174
117	175
117	179
117	181
117	182
117	185
117	187
117	193
117	194
117	197
117	198
118	119
118	125
118	128
118	130
118	133
118	134
118	135
118	138
118	140
118	142
118	148
118	150
118	151
118	152
118	153
118	154
118	155
118	156
118	157
118	160
118	162
118	164
118	168
118	173
118	177
118	179
118	180
118	182
118	185
118	187
118	188
118	192
118	193
118	195
118	197
118	199
119	120
119	124
119	131
119	132
119	133
119	136
119	138
119	143
119	144
119	145
119	152
119	153
119	156
119	157
119	158
119	163
119	165
119	166
119	167
119	168
119	173
119	174
119	180
119	183
119	187
119	192
120	123
120	130
120	131
120	133
120	134
120	138
120	143
120	144
120	148
120	149
120	152
120	153
120	157
120	161
120	162
120	167
120	169
120	170
120	171
120	173
120	176
120	178
120	179
120	181
120	182
120	184
120	186
120	188
120	189
120	193
120	198
121	126
121	127
121	128
121	129
121	130
121	132
121	133
121	134
121	135
121	137
121	139
121	140
121	141
121	145
121	146
121	148
121	149
121	152
121	154
121	162
121	163
121	165
121	168
121	170
121	172
121	173
121	178
121	180
121	183
121	184
121	186
121	193
121	195
121	197
121	198
121	199
122	123
122	126
122	130
122	131
122	133
122	134
122	136
122	137
122	139
122	140
122	141
122	143
122	146
122	147
122	148
122	149
122	151
122	154
122	155
122	156
122	157
122	159
122	161
122	162
122	163
122	165
122	166
122	167
122	168
122	170
122	171
122	172
122	174
122	175
122	176
122	181
122	184
122	186
122	190
122	191
122	193
122	195
122	197
122	198
123	126
123	128
123	130
123	133
123	139
123	141
123	142
123	143
123	150
123	151
123	158
123	159
123	162
123	163
123	165
123	167
123	168
123	169
123	171
123	172
123	173
123	176
123	177
123	178
123	187
123	189
123	190
123	192
123	196
124	126
124	131
124	133
124	135
124	139
124	140
124	142
124	143
124	146
124	147
124	148
124	149
124	151
124	157
124	160
124	161
124	162
124	168
124	169
124	173
124	175
124	181
124	184
124	187
124	188
124	190
124	193
124	195
124	196
124	197
125	127
125	129
125	132
125	133
125	138
125	141
125	143
125	145
125	147
125	156
125	157
125	158
125	167
125	169
125	170
125	171
125	173
125	175
125	177
125	179
125	182
125	184
125	188
125	190
125	193
125	194
125	196
125	198
125	199
126	129
126	131
126	136
126	137
126	139
126	140
126	141
126	146
126	148
126	149
126	150
126	152
126	160
126	161
126	162
126	167
126	170
126	179
126	187
126	188
126	190
126	191
126	192
126	193
126	194
126	196
127	129
127	130
127	131
127	139
127	140
127	142
127	145
127	148
127	149
127	154
127	156
127	159
127	168
127	169
127	170
127	171
127	172
127	173
127	174
127	176
127	177
127	180
127	182
127	183
127	186
127	187
127	190
127	192
127	198
128	130
128	135
128	141
128	142
128	147
128	149
128	151
128	155
128	156
128	157
128	162
128	163
128	164
128	165
128	170
128	171
128	173
128	174
128	180
128	182
128	187
128	192
129	130
129	132
129	133
129	135
129	136
129	138
129	146
129	148
129	150
129	151
129	153
129	157
129	158
129	159
129	161
129	163
129	164
129	165
129	168
129	172
129	178
129	181
129	183
129	184
129	188
129	190
129	195
129	196
129	197
129	198
130	134
130	135
130	138
130	143
130	146
130	148
130	152
130	154
130	157
130	158
130	162
130	165
130	168
130	172
130	174
130	177
130	180
130	181
130	195
131	132
131	133
131	138
131	139
131	143
131	144
131	146
131	147
131	148
131	152
131	159
131	160
131	162
131	163
131	166
131	171
131	172
131	173
131	175
131	176
131	178
131	182
131	184
131	188
131	189
131	190
131	194
131	196
131	198
131	199
132	133
132	141
132	142
132	153
132	158
132	159
132	162
132	168
132	169
132	170
132	171
132	175
132	179
132	181
132	186
132	187
132	194
132	198
133	134
133	135
133	136
133	142
133	143
133	144
133	145
133	146
133	147
133	148
133	149
133	151
133	158
133	159
133	168
133	175
133	176
133	177
133	179
133	180
133	181
133	183
133	184
133	186
133	187
133	189
133	191
133	192
133	194
133	196
133	197
133	198
134	135
134	138
134	139
134	141
134	146
134	148
134	150
134	152
134	153
134	156
134	161
134	166
134	170
134	180
134	182
134	183
134	192
134	194
134	197
135	136
135	138
135	139
135	140
135	142
135	144
135	146
135	147
135	149
135	150
135	151
135	152
135	155
135	156
135	159
135	160
135	166
135	167
135	172
135	173
135	177
135	178
135	184
135	185
135	187
135	189
135	191
135	193
135	198
136	141
136	142
136	148
136	151
136	152
136	158
136	161
136	163
136	165
136	169
136	172
136	174
136	175
136	176
136	178
136	181
136	182
136	183
136	185
136	186
136	187
136	198
136	199
137	140
137	142
137	143
137	144
137	146
137	148
137	150
137	152
137	153
137	154
137	156
137	158
137	162
137	163
137	165
137	167
137	169
137	171
137	173
137	174
137	175
137	180
137	191
137	193
137	194
137	197
137	199
138	141
138	147
138	148
138	150
138	153
138	154
138	155
138	156
138	157
138	159
138	162
138	163
138	164
138	165
138	166
138	167
138	168
138	169
138	173
138	174
138	179
138	182
138	183
138	184
138	185
138	187
138	190
138	193
138	197
139	140
139	141
139	146
139	149
139	151
139	158
139	160
139	163
139	166
139	167
139	168
139	170
139	175
139	179
139	187
139	192
139	193
139	196
139	197
140	143
140	144
140	145
140	147
140	148
140	152
140	153
140	154
140	157
140	158
140	167
140	171
140	172
140	176
140	180
140	181
140	182
140	187
140	191
140	193
140	194
140	195
140	197
141	142
141	146
141	148
141	152
141	155
141	156
141	160
141	162
141	165
141	166
141	174
141	175
141	178
141	180
141	181
141	182
141	187
141	188
141	191
141	194
141	195
141	198
141	199
142	150
142	151
142	152
142	154
142	155
142	159
142	161
142	163
142	164
142	165
142	167
142	168
142	171
142	172
142	173
142	175
142	177
142	179
142	181
142	191
142	196
142	198
143	144
143	147
143	151
143	157
143	159
143	160
143	163
143	166
143	171
143	172
143	173
143	183
143	184
143	186
143	192
143	194
143	195
143	197
143	199
144	145
144	149
144	153
144	154
144	155
144	157
144	159
144	161
144	162
144	163
144	164
144	166
144	168
144	169
144	172
144	174
144	179
144	184
144	188
144	193
144	196
144	197
145	146
145	147
145	151
145	156
145	157
145	159
145	167
145	171
145	175
145	178
145	179
145	180
145	183
145	184
145	187
145	189
145	197
145	198
145	199
146	148
146	149
146	153
146	155
146	158
146	161
146	163
146	166
146	168
146	171
146	174
146	175
146	177
146	178
146	179
146	185
146	186
146	187
146	189
146	190
146	191
146	194
146	195
146	197
146	198
147	149
147	150
147	152
147	153
147	155
147	156
147	161
147	162
147	163
147	165
147	166
147	169
147	172
147	178
147	179
147	180
147	181
147	184
147	186
147	191
147	192
147	193
147	198
147	199
148	157
148	163
148	164
148	171
148	176
148	179
148	181
148	183
148	184
148	186
148	187
148	189
148	190
148	192
148	194
148	195
148	197
149	150
149	154
149	155
149	158
149	160
149	161
149	164
149	165
149	166
149	169
149	170
149	172
149	173
149	175
149	176
149	181
149	185
149	186
149	187
149	195
149	197
149	198
150	151
150	153
150	155
150	156
150	158
150	162
150	163
150	165
150	168
150	169
150	170
150	171
150	173
150	175
150	186
150	189
150	192
150	195
150	197
151	153
151	158
151	162
151	163
151	167
151	168
151	173
151	174
151	177
151	178
151	181
151	182
151	183
151	189
151	196
151	198
151	199
152	154
152	157
152	161
152	165
152	170
152	172
152	173
152	178
152	181
152	182
152	183
152	190
152	197
152	199
153	154
153	157
153	161
153	162
153	166
153	169
153	170
153	172
153	175
153	179
153	182
153	186
153	187
153	190
153	191
153	194
153	196
153	197
154	156
154	157
154	158
154	164
154	165
154	169
154	171
154	172
154	175
154	176
154	179
154	182
154	184
154	185
154	192
154	197
155	156
155	157
155	162
155	169
155	170
155	171
155	172
155	174
155	177
155	181
155	182
155	183
155	184
155	186
155	187
155	190
155	193
155	194
155	196
155	199
156	157
156	158
156	161
156	162
156	165
156	167
156	171
156	173
156	174
156	175
156	176
156	180
156	181
156	186
156	191
156	193
156	196
156	199
157	158
157	159
157	161
157	162
157	164
157	166
157	171
157	176
157	177
157	178
157	179
157	180
157	185
157	186
157	189
157	191
157	194
157	196
158	159
158	164
158	167
158	170
158	171
158	172
158	173
158	176
158	177
158	179
158	181
158	182
158	187
158	188
158	191
158	193
158	194
158	198
159	161
159	162
159	163
159	167
159	168
159	173
159	175
159	176
159	178
159	180
159	182
159	183
159	186
159	187
159	188
159	189
159	190
159	193
159	194
159	196
160	161
160	163
160	167
160	171
160	173
160	174
160	175
160	176
160	186
160	192
160	193
160	194
160	195
161	174
161	176
161	177
161	178
161	188
161	190
161	191
161	193
161	194
161	199
162	163
162	164
162	165
162	167
162	168
162	170
162	172
162	174
162	176
162	177
162	180
162	182
162	183
162	188
162	191
162	192
162	196
162	198
163	166
163	169
163	171
163	174
163	177
163	179
163	182
163	184
163	186
163	188
163	191
163	194
163	195
163	199
164	165
164	167
164	168
164	169
164	172
164	173
164	181
164	183
164	185
164	187
164	188
164	193
164	196
165	168
165	169
165	173
165	174
165	175
165	176
165	178
165	182
165	183
165	186
165	187
165	191
165	194
165	197
166	167
166	168
166	170
166	173
166	174
166	179
166	180
166	182
166	183
166	188
166	191
166	192
166	196
167	168
167	171
167	173
167	175
167	178
167	180
167	185
167	189
167	193
167	195
167	197
167	199
168	169
168	171
168	173
168	176
168	179
168	181
168	185
168	186
168	189
168	191
168	193
168	199
169	170
169	172
169	174
169	176
169	178
169	179
169	181
169	184
169	190
169	191
169	194
169	197
169	199
170	181
170	185
170	186
170	190
170	191
170	194
170	196
170	198
171	173
171	174
171	178
171	179
171	182
171	184
171	185
171	187
171	189
171	190
171	191
171	194
171	195
171	196
172	173
172	174
172	175
172	177
172	178
172	180
172	181
172	182
172	185
172	191
172	192
172	194
172	196
172	197
172	198
173	174
173	178
173	180
173	181
173	186
173	187
173	189
173	194
174	176
174	181
174	182
174	183
174	189
174	192
174	194
174	195
174	196
174	197
174	199
175	182
175	186
175	188
175	190
175	194
175	196
175	198
176	177
176	181
176	182
176	183
176	184
176	189
176	191
176	196
177	181
177	183
177	184
177	185
177	191
177	192
177	193
177	195
177	199
178	179
178	184
178	189
178	190
178	192
178	199
179	180
179	181
179	182
179	183
179	184
179	187
179	189
179	190
179	192
179	193
180	182
180	184
180	186
180	190
180	192
180	195
180	197
180	198
180	199
181	182
181	183
181	184
181	186
181	195
181	197
181	199
182	184
182	185
182	189
182	191
182	193
182	195
182	197
182	198
183	185
183	186
183	187
183	189
183	192
183	194
183	195
183	197
183	198
184	187
184	188
184	189
184	196
184	197
185	187
185	189
185	190
185	192
185	193
185	196
185	198
186	189
186	191
186	193
186	194
186	197
187	189
187	191
187	192
187	193
187	195
187	196
188	191
188	193
188	194
188	197
188	199
189	190
189	192
189	193
189	197
189	198
189	199
190	193
190	195
190	197
190	199
191	195
191	198
191	199
192	193
192	196
192	198
192	199
193	195
193	197
194	195
194	197
194	199
196	198
196	199
197	198
