0.182454
0.114158
0.0960795
0.0745356
0.0532347
0.0416212
0.0374787
0.0319646
0.0284514
0.0305347
0.0368213
0.03735
0.0345292
0.0369349
0.0343703
0.0293673
0.0300961
0.0264534
0.0259059
0.0264642
0.0252035
0.0246174
0.0243936
0.0239617
0.0244818
0.0213045
0.0165893
0.0163943
0.0157139
0.0167909
0.0177731
0.0157058
0.0145522
0.0146064
0.01146
0.0117313
0.0118039
0.0115638
0.0120793
0.0114483
0.0124287
0.0116724
0.0118216
0.0105381
0.00888369
0.0091291
0.00897298
0.0088798
0.00871822
0.00850087
0.00961257
0.00929097
0.0100881
0.0114
0.0106219
0.0105107
0.0102694
0.0092118
0.00882508
0.00905941
