0.060103
0.0625088
0.0616905
0.0591417
0.0598335
0.0616214
0.0651234
0.0654997
0.0683623
0.0682473
0.0692456
0.0694864
0.069253
0.0681775
0.0668168
0.0672728
0.0673574
0.0663115
0.0650921
0.0654085
0.0658407
0.0660872
0.066659
0.0664807
0.0666056
0.0665202
0.0654701
0.0656599
0.0660461
0.0659417
0.0660428
0.0662038
0.0658776
0.066217
0.0661397
0.0662564
0.0662556
0.0662696
0.0664947
0.0666385
0.0663476
0.0660107
0.0662605
0.066894
0.0669622
0.0671857
0.0666081
0.0665834
0.0664594
0.0665555
0.0665465
0.0665382
0.0665161
0.0663715
0.0662967
0.0662646
0.0663903
0.0663082
0.0663567
0.0660789
